0.0
0.00833336890082137
0.016666737801187992
0.018055632618143136
0.050000212473150896
0.05416689645767292
0.05972247572526612
0.06527805452606117
0.08888926501481365
0.09305594900069991
0.09861152780149496
0.13333389496165182
0.14305615774810576
0.15972289322075994
0.16250068238878157
0.16388957720573671
0.16805626072482482
0.17083404989216433
0.17500073387736848
0.17638962869341412
0.18055631221386648
0.18472299619725163
0.19027857453374963
0.19444525805261037
0.197223047220632
0.20555641472469688
0.2069453095409699
0.20833420389135426
0.21805646574739512
0.22083425491473463
0.2527788291822617
0.29166787427402596
0.2958345577922046
0.3083346074186011
0.30972350176989494
0.3152790796402769
0.32083465704363334
0.32777912926530917
0.33333470667002985
0.345834756296199
0.35555701675366436
0.3611125941579303
0.363890382860518
0.3750015376685951
0.376390432019889
0.3819460089594031
0.383334903310697
0.39444605765447704
0.40000163505737873
0.40416831764628114
0.4083350006994806
0.4138905776389947
0.4180572606919668
0.4222239432792776
0.4236128376301167
0.42639062633406866
0.43472399150869023
0.4375017802108232
0.44027956844684013
0.441668462798134
0.44305735714942784
0.45416851056097585
0.4611129818511017
0.46944634702686017
0.4944464416221308
0.49583533597274254
0.5000020180950742
0.501390912446368
0.5083353832708326
0.5277799004607004
0.5347243708192764
0.5361132651705702
0.5513910997733547
0.5652800400253
0.5708356164986981
0.5777800863918401
0.6000023904221052
0.6027801781924609
0.6055579664289326
0.61944690575001
0.6263913756429247
0.633335845070178
0.6388914206113441
0.6402803144969766
0.6430581022682418
0.6444469961538744
0.6458358900385974
0.6638915105500018
0.6666692983208122
0.6680581922064448
0.6777804494040538
0.6972249628697682
0.702780537945273
0.7097250073725263
0.7208361575262643
0.736113988868965
0.7444473512505283
0.7458362451361609
0.7625029694336263
0.7680585445095858
0.7750030125394005
0.7958364175619863
0.8027808860579171
0.8069475667834922
0.8111142475081579
0.837503225744058
0.8402810130496619
0.8444476937743275
0.8555588420645108
0.8569477354844821
0.861114416208693
0.8680588837739833
0.8736144579188476
0.8819478189034271
0.8944478601465562
0.8986145408721313
0.9013923277111644
0.9041701145515617
0.9083367948101113
0.9180590487490008
0.9291701961078616
0.9347257697863824
0.9388924500462963
0.9444480237261814
0.9500035969388136
0.9597258508779305
0.9666703175112161
0.9736147841435923
0.9805592507777874
0.9819481441973039
0.987503717411073
0.9902815037848995
0.9916703972053256
1.0013926502124377
1.008337116380062
1.018059369387629
1.0194482623412569
1.033337194676733
1.0416705542643285
1.0486150199662916
1.0555594861348254
1.0583372725077425
1.0777817766593216
1.0791706696136316
1.0875040282708142
1.0944484939723225
1.104170745581996
1.1055596390019673
1.113892997192579
1.116670783565496
1.1236152488027074
1.1277819276656373
1.1291708210846991
1.1333374999471744
1.1402819651834761
1.148615323374088
1.1500042163288526
1.1569486810990384
1.1680598251982701
1.1722265040598359
1.1930598979070055
1.195837683814716
1.2027821485858112
1.2069488269835347
1.2138932917537204
1.2347266846682032
1.2361155771559424
1.2486156128125003
1.251393398255459
1.2555600766527277
1.2736156831929293
1.2847268249633998
1.2916712888027178
1.3069491085052505
1.308338001458651
1.3125046793902584
1.3222269282059642
1.3333380695112282
1.3444492108160375
1.3541714591665368
1.3597270295863382
1.3625048145631808
1.3666714924945609
1.3819493107994276
1.3902826661960717
1.4027826990572976
1.4069493765232437
1.4083382690118924
1.4111160539878256
1.4291716563384398
1.4319494413157372
1.4458383657356535
1.4625050746649322
1.4708384291302536
1.4805606756181078
1.4930607070828046
1.494449599105792
1.4986162761051673
1.5069496301043728
1.5083385225934762
1.5111163071051124
1.522227445615954
1.5277830146383167
1.533338583661589
1.5375052606605095
1.5388941526825874
1.5416719371955878
1.5472275062174958
1.550005290729132
1.5569497517735726
1.5583386442631308
1.5638942128191502
1.5680608893535464
1.5694497818417403
1.5722275658877152
1.5805609189560528
1.5875053800007208
1.5930609485581044
1.594449840580637
1.601394301160326
1.6027831936489747
1.6055609776954043
1.611116546251651
1.6138943302976259
1.629172143479991
1.637505495617006
1.644449955730579
1.6486166322652025
1.6513944163102678
1.6569499844015354
1.663894444050129
1.6708389041641567
1.6805611483241591
1.7000056352467254
1.7013945272697129
1.7069500948941823
1.7125056625204707
1.7222279057477863
1.7236167977716832
1.7277834733740747
1.7305612569534787
1.7347279325567797
1.745839067342331
1.7472279593653184
1.752783526525036
1.754172418547114
1.763894661311042
1.7763946871878034
1.7819502543484305
1.7902836050880069
1.7916724966444235
1.7944502802242823
1.804172522056433
1.8166725474670784
1.841672597824072
1.8625059721130128
1.8680615383418626
1.869450429898734
1.873617104569803
1.8861171285848286
1.8916726948141331
1.8944504779274212
1.9000060441564983
1.9125060677042711
1.9152838508189234
1.9208394165821119
1.923617199697219
1.940283896985875
1.941672788543201
1.9430616800996177
1.9513950285108876
1.9625061595716033
1.9638950511289295
1.969450616890981
1.9708395079824186
1.976395073745607
1.9777839648363624
1.9819506390433617
1.9888950958979876
2.0055617917901145
2.0152840308264786
2.0166729219181434
2.019450704567589
2.0208395956587992
2.0263951609558717
2.034728508435819
2.0388951821762475
2.0527840944882882
2.0611174415025744
2.062506332594012
2.0652841152423207
2.081950809272712
2.084728591455132
2.091673046912547
2.0972286117435033
2.1000063939272877
2.1027841761101627
2.106950849385157
2.113895304842572
2.1152841959342368
2.1263953241996205
2.1388953435580333
2.1430620168314363
2.144450907922419
2.148617580732207
2.150006471823417
2.151395362915082
2.1569509268151705
2.170839836799587
2.179173182417344
2.1805620735080993
2.187506528034646
2.2013954370861484
2.2277843636334183
2.2305621453510867
2.2375065994115175
2.2388954905027276
2.2430621628468543
2.251395507532834
2.263895524561576
2.2652844151875797
2.2694510875312517
2.2916733394067705
2.293062230032774
2.3027844648786413
2.308340027848317
2.32084004348053
2.3305622778611905
2.331951168487194
2.343062293492949
2.350006746622057
2.3625067617895184
2.3708401050798784
2.3763956671164124
2.3833401197794046
2.387506791191754
2.4069512580899755
2.4111179295027796
2.4152846009137647
2.41806238170102
2.419451272326114
2.4222290531115505
2.4236179432718927
2.4333401762562517
2.437506847667919
2.4444512994000434
2.4458401900251374
2.462506874276187
2.463895764436529
2.470840216167744
2.4722291067937476
2.493062461059253
2.497229132005941
2.4986180221662835
2.5055624734327466
2.508340254218183
2.518062485804876
2.5236180464453355
2.5263958272316813
2.529173607552366
2.5305624977117986
2.5361180583524856
2.5458402899403154
2.5500069604190685
2.5555625205947763
2.559729191075803
2.5694514221968348
2.570840312357177
2.572229202517292
2.573618092676952
2.5750069823707236
2.5805625430120926
2.581951433171753
2.6027847841783114
2.6166736843838407
2.622229244557275
2.6402848143109168
2.644451484326055
2.6513959337301003
2.669451503018081
2.6902848512299897
2.6972293001681464
2.7069515294269877
2.708340419121214
2.7125070886704634
2.7180626479130297
2.725007096851641
2.7305626556299103
2.7319515453245913
2.737507104568067
2.738895994262748
2.7472293328955857
2.7527848916743096
2.7611182298405765
2.7750071267851126
2.7833404649518343
2.786118244341651
2.804173809437998
2.805562699132679
2.815284926062759
2.819451595146802
2.8250071534598646
2.8277849323817463
2.8291738220764273
2.8319516010010375
2.8444516068539087
2.8472293857767
2.8513960543950816
2.8597293916302533
2.8680627284006732
2.8722293970188275
2.873618286247165
2.887507180864759
2.8972294068630617
2.8986182960916267
2.900007185785398
2.901396075014418
2.9083405220899294
2.91250719024265
2.915284968700689
2.9180627476237078
2.92084052608152
2.9222294157762008
2.9236183050047657
2.925007194232876
2.926396083927557
2.930562751614616
2.936118308996356
2.9375071982244663
2.952784980673414
2.954173869902206
2.9569516488245426
2.9597294272834915
2.966673873426771
2.9694516518848104
2.9708405411133754
2.9763960980292268
2.979173876486584
2.9875072118597927
2.988896101087903
2.9958405472325467
3.008340549827153
3.0097294390552634
3.0125072175123933
3.015284995505681
3.031951665320321
3.040284999762207
3.0569516691102763
3.080562782741481
3.083340560733177
3.086118338725555
3.0875072274889135
3.0888961167170237
3.0930627834718507
3.0972294506932485
3.115285006942031
3.120840562461126
3.1250072292168625
3.130562785200709
3.1347294514903297
3.1375072294824804
3.1388961182451567
3.1416738962366253
3.1472294517552655
3.1500072292815275
3.1597294510900156
3.161118339852692
3.1652850066084284
3.1708405616609525
3.172229450423629
3.173618339652421
3.175007228416689
3.1777850059424964
3.18334056099593
3.1944516710998414
3.1958405598629724
3.220840557135489
3.2347294438354766
3.2458405530101118
3.25139610759652
3.252784996359651
3.258340550946741
3.2611183280077967
3.265284993831301
3.26667388259375
3.275007214242578
3.2777849913036334
3.2805627683637795
3.2847294341877387
3.286118322485436
3.2958405424310513
3.3069516506729997
3.30972942773451
3.3180627589163123
3.326396089632908
3.333340532051352
3.334729420349504
3.338896085705983
3.3486183047211853
3.3541738583767255
3.3569516349712103
3.359729412032266
3.3625071886272053
3.3694516305804427
3.3708405188772304
3.37639607253368
3.3833405140212562
3.38472940278416
3.4013960623547064
3.404173838949191
3.409729392139525
3.416673833627101
3.418062721924798
3.4208404985201923
3.4361182688612644
3.437507157158734
3.4416738220511434
3.4583404802242512
3.459729368522403
3.477784914527547
3.484729355082891
3.488896019509866
3.4902849073409925
3.4958404600661197
3.4972293478981555
3.5013960123255856
3.504173788454409
3.5083404528809297
3.5180626691014822
3.520840445230533
3.523618221360266
3.529173773152479
3.5347293254117176
3.554173756919681
3.5625070848418545
3.5638959726748
3.5694515244667855
3.57500707626059
3.6236181513068004
3.631951478298106
3.6513959070130113
3.655562570041866
3.6569514578736744
3.6652847843997733
3.666673672231809
3.6680625595979564
3.669451447429765
3.688895875212893
3.694451425608804
3.702784751668787
3.7069514142326625
3.7180625150253945
3.7194514028569756
3.731951391016082
3.7347291662131283
3.7375069414113113
3.7402847166094944
3.748618041738382
3.758340254232735
3.7638958041638944
3.7680624667264055
3.76945135409278
3.7722291292918726
3.790284665983563
3.791673553349483
3.8055624274770707
3.8111179774073207
3.8125068647736953
3.8277846258015416
3.8569512595599917
3.8680623575583013
3.873617906556774
3.877784568190691
3.8916734404556337
3.895840102087732
3.8972289894541063
3.902784537988282
3.912506748153646
3.927784506853186
3.9388956039210825
3.9444511519882326
3.945840039354607
3.950006700522408
3.951395587422212
3.95972890975645
3.9736177801587473
3.976395554425835
3.99167331126273
3.998617746231048
4.004173293833901
4.011117728802219
4.012506615702478
4.019451050205134
4.025006597806396
4.04445101441479
4.052784335351589
4.054173222251848
4.055562109152561
4.062506543189556
4.066673203891696
4.081950958400284
4.083339845301452
4.102784260045155
4.105562033380693
4.111117580051541
4.113895353386397
4.11528424028802
4.119450900522679
4.13056199386574
4.137506426970958
4.143061973641579
4.159728613187326
4.177784138703828
4.188895231114202
4.202784096394225
4.215284074772626
4.218061847644094
4.219450734078237
4.220839620512606
4.223617393382483
4.226395166252587
4.244450689905989
4.2486173492097805
4.270839531236561
4.2777839629454775
4.284728394188733
4.291672825897422
4.298617257606111
4.301395030009189
4.315283892495245
4.334728299789049
4.343061617001695
4.3486171618096705
4.356950478556428
4.363894909333794
4.365283795303185
4.3763948844530205
4.386117087170078
4.402783719730905
4.436116983923057
4.441672527800165
4.444450299738492
4.4472280716763635
4.458339158964918
4.465283588810962
4.469450246252109
4.473616904160963
4.480561333541573
4.491672420363102
4.495839077804703
4.498616849277823
4.508339050130644
4.511116821603082
4.513894593542318
4.537505651293031
4.543061194238362
4.554172280129933
4.558338937104509
4.563894480050749
4.573616679507268
4.576394450980388
4.587505535940181
4.588894421443001
4.590283306945821
4.591672192915212
4.593061078419851
4.5958388494264
4.605561048881555
4.622227675390604
4.626394331901338
4.630560988877733
4.634727645388693
4.644449843912753
4.650005385927216
4.656949812979747
4.688894177698785
4.690283063201605
4.695838604750861
4.704171916840323
4.7222274265232045
4.726394082102161
4.743060705816788
4.748616246899019
4.75139401697561
4.755560673019772
4.769449525261734
4.772227295336961
4.794449458271174
4.79861611385104
4.805560539505677
4.809727194619427
4.812504964695108
4.816671620274974
4.829171586080065
4.8319493561575655
4.836116011269496
4.859727056448719
4.861115941485878
4.862504826523946
4.868060366675309
4.870838136286693
4.879171446048531
4.886115870771846
4.895838065105181
4.905560259438971
4.906949144477039
4.911115799124673
4.915282453772306
4.9180602233823265
4.925004647640435
4.9319490718985435
4.9347268415097005
4.940282380729059
4.966671191792557
4.972226730545572
4.9861155776652595
4.990282231848141
5.004171078500804
5.006948847646527
5.023615463444457
5.025004348015955
5.026393232587452
5.030559886305582
5.045837617064535
5.047226501636942
5.050004270316094
5.065282000610296
5.069448653860945
5.075004192149208
5.081948614545581
5.087504152368638
5.088893036941045
5.09028192104779
5.097226343443253
5.098615228014751
5.108337419088002
5.116670725125459
5.118059609698548
5.122226262948061
5.123615147054807
5.130559568984609
5.138892875021156
5.150003949736401
5.154170602987051
5.156948371665294
5.158337255772949
5.169448330021623
5.176392751485764
5.204170435944889
5.206948204159289
5.2166703933698955
5.2180592774757315
5.219448161582477
5.223614814368375
5.225003698474211
5.229170350794448
5.240281423647048
5.247225844179866
5.251392496498738
5.252781380605484
5.254170264712684
5.258336917031556
5.263892452992877
5.276392409486107
5.283336829552809
5.305558973394909
5.329169999946771
5.331947767694601
5.338892187295187
5.341669955043017
5.372225399333729
5.383336469391452
5.390280888527741
5.397225307197914
5.402780842226548
5.404169725867405
5.405558609509171
5.40833637679043
5.411114144537805
5.4180585627414075
5.42222521366557
5.4305585159759175
5.433336283258086
5.441669585103227
5.447225119667564
5.450002886948141
5.452780654230992
5.454169537872076
5.4694472569904065
5.470836140630581
5.483336092467653
5.4847249761085095
5.487502743389996
5.498613811119412
5.512502646131452
5.515280412947959
5.520835947045271
5.536113664767072
5.5486136152071595
5.55278026519818
5.559724682005708
5.5611135656463375
5.563891331997638
5.570835748804711
5.576391281970473
5.586113465129074
5.595835648287448
5.61389113049654
5.616668896846022
5.61805778002099
5.6208355463732005
5.626391079538735
5.636113261765786
5.6402799112906905
5.643057677641536
5.650002093051626
5.652779859402472
5.668057573864644
5.676390872450611
5.677779755625579
5.6875019369199435
5.690279702805583
5.694446351864826
5.698613001391095
5.709724065395676
5.712501831280406
5.7138907144556015
5.722224012109564
5.729168427053992
5.734723958824361
5.751390553667079
5.763890499916215
5.802779218578053
5.8069458671720895
5.808334749881851
5.809723632591613
5.8111125153013745
5.818056929314025
5.8208346947335485
5.826390225571231
5.834723521829801
5.836112404539563
5.837501287248415
5.838890169957722
5.852778996587858
5.8583345274259955
5.8625011750891645
5.88055664938156
5.883334414335877
5.893056592371522
5.894445475080374
5.945834127418038
5.947223009663048
5.954167421813963
5.955556304057382
5.962500716208524
5.965278481160794
5.966667363404667
5.9791673049971905
5.987500598926545
5.993056128367243
6.004167186784798
6.012500480247809
6.013889362491227
6.0152782447353275
6.016667126979883
6.036111478394105
6.041667007369142
6.043055889614152
6.055555829342211
6.056944711587221
6.058333593831776
6.062500240096142
6.065278004585252
6.0666668863636914
6.070833533093719
6.09027788264666
6.100000056957015
6.109722231266915
6.1138888775335545
6.11944440557636
6.155555336933958
6.1583331009560425
6.163888628535005
6.176388565470006
6.179166329492546
6.188888502405007
6.198610675318832
6.21111061132342
6.215277257123034
6.22222166601432
6.223610547327098
6.229166074439945
6.238888246886745
6.240277128666094
6.255554827295782
6.263888117499164
6.269443644146577
6.273610289015323
6.2749991707937625
6.27777693388407
6.279165815662054
6.288887986713689
6.290276868492128
6.298610158230076
6.3041656844116005
6.30972121059267
6.312498973683887
6.318054499865411
6.320832262956628
6.349998774244796
6.352776537336922
6.3541654186497
6.359720944364653
6.369443114484511
6.380554165450121
6.383331928541338
6.393054097729419
6.397220742132504
6.409720673946595
6.424998368384877
6.426387249696745
6.427776130543407
6.429165011855275
6.43194277448174
6.433331655794518
6.455553755397887
6.456942636710664
6.463887042807528
6.470831448439185
6.481942497543514
6.483331378855382
6.51527564392245
6.519442287394213
6.527775573407553
6.536108859420892
6.549997669285858
6.5569420739861926
6.5624975978394104
6.573608645546301
6.5749975263934175
6.576386407240534
6.590275216175087
6.599997382103993
6.606941786338211
6.613886190571975
6.61944171349387
6.623608356036129
6.624997236882336
6.627774998576115
6.62916387895757
6.63333052149801
6.640274925267022
6.655552613186046
6.661108136107487
6.669441420257044
6.691663510549006
6.7041634363085905
6.705552316690046
6.706941197071501
6.71249671952728
6.713885600374397
6.718052241983514
6.7361076888032585
6.751385374393976
6.755552015536978
6.756940895918433
6.762496417909006
6.7749963418064
6.777774102568401
6.779162982949856
6.783329624093312
6.788885145617769
6.795829547524136
6.804162829811503
6.808329470956323
6.81944051354003
6.822218273837279
6.824996034599508
6.8361070767182355
6.841662597777486
6.852773639895531
6.854162519811325
6.863884681550189
6.86805132222662
6.8777734830341615
6.879162363415617
6.881940123711274
6.904162205620423
6.906939965917445
6.923606526766889
6.944439726898054
6.947217487193939
6.948606367110642
6.9527730068571145
6.954161886771999
6.9680506863942355
6.97638396588718
6.986106125296828
6.987495005212168
6.995828284239678
6.997217164155245
7.018050361957876
7.019439241873442
7.024994761070502
7.027772520435519
7.040272438279317
7.04305019811045
7.063883393585456
7.070827792231739
7.101383144321517
7.104160903686079
7.113883060766511
7.120827458482381
7.129160735647929
7.131938494547285
7.154160566677092
7.158327205027945
7.162493843376069
7.163882722827111
7.1666604817273765
7.169438240625823
7.1708271200759555
7.17360487897713
7.177771517326164
7.180549275760313
7.181938155210446
7.198604708143648
7.21943789802981
7.2222156564648685
7.224993414898108
7.2291600527833
7.236104449100367
7.237493328551409
7.241659966433872
7.243048845418343
7.2499932417367745
7.2569376380556605
7.2583265170399045
7.2819374630316815
7.287492979435228
7.2916596168529395
7.294437375287998
7.320826077850143
7.323603835819995
7.333325989175137
7.348603658002048
7.351381415970081
7.36527020534777
7.370825721284291
7.3805478737094745
7.423603117563744
7.4347141480411665
7.466658358159748
7.474991630203476
7.476380508722059
7.48471378076465
7.488880416785378
7.491658173823453
7.49582480984418
7.511102474014933
7.519435745592091
7.520824624110219
7.527769016703587
7.529157895221488
7.537491166332984
7.544435558460464
7.549991072535704
7.555546586145056
7.56110210021825
7.563879856790663
7.565268735309019
7.568046492345729
7.573602005954399
7.5833241546538375
7.601379573066424
7.612490599354032
7.626379382210871
7.627768260730136
7.6305460173007305
7.6319348953534245
7.636101529978987
7.641657043121995
7.656934703566549
7.662490216243896
7.6638790942970445
7.666656850402433
7.673601241132928
7.6749901196517385
7.67915675381073
7.699989925536556
7.70276768164149
7.705545437747787
7.715267584118919
7.718045340223853
7.7208230958635795
7.723600851970787
7.724989730023026
7.730545242235621
7.73193412028786
7.738878510087261
7.740267388139728
7.7513784116317765
7.752767289684471
7.754156167737619
7.755545045325107
7.756933923378256
7.7583228014314045
7.76248943512428
7.76804494686985
7.769433824457337
7.77637821378994
7.780544847484634
7.783322603123679
7.787489236818146
7.793044748098055
7.79721138179093
7.798600259377508
7.804155770658781
7.811100159526632
7.829155570488638
7.8305444485417866
7.831933326129274
7.836099959356488
7.845822103399314
7.847210980986347
7.8513776137479
7.859710879737577
7.863877512964336
7.869433023314286
7.883321799653004
7.884710677240037
7.887488432413193
7.8944328203501755
7.895821697937663
7.897210575525605
7.898599453113093
7.901377207821042
7.906932718170992
7.918043738402957
7.922210370699304
7.924988125873824
7.927765880582228
7.933321390465608
7.936099145640128
7.9430435326453335
7.9458212878203085
7.948599042529622
7.9499879201162
7.955543429534828
7.97359883537456
7.974987712961138
7.981932099500682
7.986098731798393
8.001376381998625
8.020820663562972
8.029153926758681
8.03193168146754
8.037487189953936
8.041653821784166
8.044431576027819
8.047209330270107
8.054153715878329
8.059709224365633
8.063875855729748
8.066653609973855
8.088875643453775
8.091653397696518
8.093042274351774
8.098597782839079
8.112486552658083
8.116653183556991
8.12220869157818
8.127764199598914
8.13193083003307
8.134708584275359
8.137486338053122
8.13887521470906
8.161097244929806
8.17081938291858
8.176374890007992
8.18193039756261
8.186097027996766
8.1985969188313
8.208319055888296
8.211096809665833
8.215263439634327
8.216652316290265
8.220818946258078
8.227763330003654
8.22915220665891
8.243040973219195
8.255540862655835
8.261096369279812
8.276374011098142
8.28192951725714
8.28331839391285
8.28609614722427
8.298596035730952
8.302762665233786
8.313873676618186
8.316651429464855
8.322206935156828
8.336095699388352
8.341651204614664
8.344428957461332
8.355539968380526
8.372206484060825
8.37359536025042
8.38470637024011
8.387484123085187
8.394428504037023
8.397206256417121
8.399984008798583
8.401372884988632
8.412483894976049
8.415261646891395
8.419428275461996
8.4208171516525
8.427761532604109
8.430539284519
8.441650293575549
8.443039169766053
8.444428045955874
8.461094558376317
8.472205566968569
8.473594442692956
8.50553858994681
8.511094093776592
8.51526072141587
8.516649597140713
8.520816224780447
8.540260486787702
8.54442711442698
8.548593741600598
8.54998261732544
8.552760369240787
8.579149008473905
8.580537884198066
8.583315635648432
8.586093387097208
8.590260013805619
8.597204392428011
8.606926522036247
8.619426402624867
8.626370780316847
8.63470403373367
8.661092668776291
8.662481544501134
8.66387041975986
8.684703551437451
8.704147806927267
8.713869934670583
8.727758687726237
8.729147562984735
8.734703064486894
8.737480815003892
8.740258565521344
8.75414731764613
8.758313943423673
8.772202695546639
8.77359157080582
8.777758196116793
8.784702571946582
8.786091446739874
8.794424697827708
8.805535698501899
8.80970232381378
8.81803557397052
8.822202199281946
8.836090949076151
8.837479824336242
8.840257574388943
8.843035323974163
8.844424199234254
8.845813074028229
8.858312948563253
8.861090698616863
8.869423947841824
8.88331269670607
8.887479321085948
8.890257071137967
8.893034820725006
8.895812570311136
8.90831244345145
8.90970131824497
8.91942344179779
8.922201191384147
8.941645437093939
8.943034311887459
8.954145309301566
8.955534184094176
8.95692305842249
8.95970080800953
8.962478557129543
8.966645181045351
8.976367303200732
8.977756177993342
8.98053392711472
8.981922801443034
8.987478299683971
9.004144794410422
9.009700292186153
9.012478041307531
9.024977911652513
9.030533409429154
9.038866655860147
9.045811027498985
9.066644142878431
9.070810765862007
9.074977388844218
9.080532886155424
9.111088119500891
9.118032490207952
9.119421364535356
9.12358798705236
9.13192123208728
9.137476728465344
9.140254476656082
9.144421099172632
9.14580997303483
9.154143217604087
9.162476461706774
9.163865336034632
9.166643084224233
9.172198580137774
9.173587453999971
9.181920698103113
9.184698446292714
9.197198311515876
9.198587185843735
9.204142681292069
9.211087051066897
9.213864798791292
9.21803142037652
9.224975789686596
9.236086780583264
9.237475654445461
9.24025340170283
9.252753265996034
9.256919887580352
9.269419750942234
9.272197498665264
9.279141867044018
9.283308488164948
9.290252856542338
9.29303060380198
9.308308213955343
9.309697087351196
9.327752443831287
9.331919064486556
9.347196673242252
9.354141040689683
9.361085407670998
9.363863154929732
9.369418648514511
9.374974142100655
9.376363015496281
9.379140762288444
9.381918509082425
9.404140482491584
9.408307102679828
9.418029215522893
9.42080696231642
9.423584708642466
9.430529074692913
9.443028933863388
9.448584426515936
9.452751046240337
9.461084285221204
9.46247315815117
9.46386203154725
9.465250904478125
9.469417523735956
9.473584142994241
9.487472874162904
9.490250620024426
9.493028366351155
9.497194985142869
9.49997273147028
9.501361604400472
9.50275047733112
9.515250334173288
9.526361318083673
9.534694555668011
9.536083428597976
9.53747230106319
9.540250046924484
9.549972157439697
9.554138775765296
9.556916521627045
9.558305394557692
9.570805249536079
9.574971868328248
9.577749613723427
9.587471722841656
9.59302721409722
9.598582704889395
9.599971577354154
9.612471431868471
9.630526776240458
9.633304521170885
9.645804374286854
9.655526482473306
9.659693099868718
9.666637462194103
9.669415207588827
9.672192952519026
9.69719265642334
9.701359273351954
9.702748145817168
9.70830363521145
9.709692507676664
9.711081380141877
9.713859124605733
9.715247997070946
9.72358123092954
9.733303337252892
9.736081081717202
9.737469953716754
9.740247698181065
9.741636570646278
9.74996980403921
9.769414014823269
9.77358063128736
9.77496950328623
9.777747247750995
9.784691608212825
9.795802585139654
9.808302433598328
9.809691305598335
9.811080177597887
9.816635665594276
9.82496889759068
9.827746641589783
9.834691001586634
9.843024233116466
9.845801977114206
9.859690695711379
9.866635055242568
9.883301516905703
9.891634747504668
9.89302361950331
9.898579106570196
9.912467823303814
9.916634438369783
9.931912026637065
9.93607864170417
9.937467513238062
9.94163412783837
9.954133972107456
9.961078329776228
9.965244944376991
9.97080043051119
9.986078016450392
9.991633502119385
10.00274447345737
10.00413334499126
10.012466573261918
10.01941092999914
10.022188672599896
10.027744157804136
10.030521900404892
10.056910453957471
10.05968819655891
10.061077067626229
10.076354650305802
10.091632232519714
10.097187716792632
10.099965458927727
10.112465298075222
10.131909492094564
10.134687233764453
10.1402427175708
10.143020459241598
10.144409330310737
10.147187071979943
10.15274255532131
10.156909168058519
10.15829803866086
10.159686909729771
10.16246465139966
10.173575618080577
10.20135303292227
10.211075127603635
10.224963833627498
10.226352704229384
10.230519316036862
10.24440802206027
10.24718576279929
10.273574301914778
10.274963172517346
10.276352043119914
10.2819075245975
10.283296395200068
10.294407358156377
10.29718509889517
10.305518320647025
10.309684931522042
10.315240413000993
10.31662928313699
10.319407023876465
10.329129115298883
10.330517985435563
10.33468459631058
10.336073466447488
10.341628947459412
10.348573298143037
10.355517648826662
10.36801748005746
10.37912844021912
10.380517310355117
10.40412810035059
10.406905840157833
10.411072450102893
10.413850189910136
10.42357227900493
10.424961149141836
10.434683238235266
10.437460977577302
10.441627587056473
10.449960806013678
10.455516285164322
10.461071763846576
10.463849503656093
10.474960461022874
10.479127070037066
10.480515939707857
10.487460288063176
10.495793505623624
10.49718237529396
10.501348984306787
10.508293332195535
10.509682201401574
10.51384880994874
10.522182027043527
10.55273715514977
10.556903763231276
10.56662584860078
10.579125672378723
10.58329227999593
10.587458887610865
10.591625495693734
10.597180972515162
10.598569841720746
10.605514187281642
10.62218061728072
10.626347224429537
10.654124605278412
10.655513474017425
10.669402163277027
10.673568770426755
10.674957639166678
10.688846327960619
10.693012934179933
10.695790671659324
10.698568409603922
10.699957278343845
10.705512753302173
10.722179178178976
10.734678996370803
10.744401076616668
10.745789945356591
10.751345419384052
10.754123156863443
10.756900893877628
10.772178447685747
10.773567315960008
10.776345052972829
10.780511658261275
10.787456000562543
10.788844868836804
10.790233737111066
10.794400342398603
10.80828902606936
10.822177709276275
10.824955445823889
10.829122050646674
10.830510918920027
10.833288655468095
10.844399600729048
10.847177337277117
10.868010359059554
10.870788095141506
10.879121303388729
10.886065643362144
10.890232247718359
10.911065266706373
10.92356507744762
10.927731680872967
10.931898284297858
10.93467601991415
10.940231490681981
10.94717582972362
10.948564697066558
10.958286771259736
10.959675638602675
10.969397712329737
10.974953182631452
10.979119785591593
10.981897520742223
10.983286388085162
10.987452991044393
10.988841858387332
10.994397328689047
10.997175063374925
11.001341665868495
11.00411940101958
11.013841472883996
11.015230340692597
11.016619208035536
11.029119014585376
11.031896749270345
11.036063350833047
11.045785422231802
11.052729758480154
11.059674094727598
11.063840696290072
11.068007297852546
11.074951633169348
11.083284836294297
11.084673703171575
11.093006905830407
11.11106217662882
11.112451043506098
11.120784245234063
11.12633971274181
11.131895180250694
11.14022838151277
11.144394981678033
11.145783848554856
11.154117049351271
11.155505916228321
11.163839116560212
11.168005716724565
11.17078345001346
11.1735611833019
11.187449849278437
11.190227582566422
11.204116248077753
11.211060580600133
11.21244944701175
11.21661604624569
11.226338111125642
11.230504710359128
11.243004507596197
11.248559972776093
11.256893170313106
11.258282036259061
11.265226367384457
11.266615233796074
11.28189276152716
11.284670493418616
11.287448225775279
11.291614824078806
11.293003690023852
11.297170287861263
11.29855915427288
11.301336886163881
11.306892349946793
11.309670081838249
11.318003277512162
11.32633647318653
11.327725339132485
11.34022513124728
11.348558325990325
11.351336057415665
11.358280386212755
11.362446983119298
11.363835849065254
11.368002445970433
11.380502236688244
11.383279967647468
11.39022429551369
11.393002026474278
11.401335219355133
11.413835008674823
11.427723662079188
11.43050139257275
11.431890258053045
11.438834584521373
11.44161231501721
11.445778910525405
11.449945506500171
11.465223023055387
11.472167348592393
11.473556213607935
11.488833728765258
11.494389188822879
11.495778053836602
11.501333513429472
11.50272237844365
11.511055567598305
11.519388756753415
11.540221727779226
11.544388321889983
11.549943780085641
11.551332645099592
11.552721509648563
11.559665832391829
11.565221290587488
11.567999019684066
11.572165613331663
11.579109935610177
11.583276528789156
11.58883198651938
11.602720630144177
11.608276087406466
11.61660927283674
11.617998136920505
11.62355359418325
11.633275643230263
11.641608827729215
11.644386555895835
11.64994201176205
11.65271973992867
11.665219515743956
11.666608379828176
11.667997243445825
11.673552699311813
11.683274746030747
11.7027188390025
11.719385202411104
11.74021815527567
11.741607018893319
11.744384745662046
11.751329062817604
11.759662243125149
11.7666065598155
11.77355087604019
11.79021723432652
11.792994960630494
11.795772686933105
11.808272454368307
11.811050180205712
11.816605632347091
11.817994495499079
11.823549947174797
11.830494261536387
11.854104929062032
11.858271517586672
11.85966038027209
11.872160143982
11.890215357038414
11.892993081944041
11.894381944629458
11.895770806851033
11.898548531757797
11.937436676258585
11.974935952017859
11.976324813773772
11.994380017982621
11.995768879736715
12.001324326755821
12.013824082082465
12.01937952910248
12.024934975189353
12.048545621295489
12.061045374294281
12.066600819450741
12.067989680740084
12.069378542028517
12.077711709763207
12.083267154919668
12.086044877497898
12.088822599610921
12.095766905591063
12.104100072393976
12.122155265892161
12.136043875524365
12.138821597170136
14.992935627306451
14.994324491389762
14.999879949584738
15.004046542765082
15.012379729591885
15.029046102313714
15.030434966862003
15.031823831410293
15.055434525944747
15.059601119125546
15.067934305486233
15.07210089820137
15.074878627299086
15.10543364224759
15.119322285406497
15.122100014038097
15.133210928099743
15.148488434876072
15.151266163507444
15.155432756223036
15.16237707757
15.163765941652855
15.170710262534158
15.17209912708222
15.173487991165075
15.176265719329876
15.188765497475288
15.197098682439446
15.201265275154128
15.202654139237438
15.204043003319839
15.210987324201142
15.215153916449708
15.2345980145451
15.258208704421577
15.259597568504432
15.260986432587742
15.263764160753453
15.265153024836764
15.27209734525195
15.27487507341857
15.287374849698836
15.294319170114704
15.301263490064684
15.313763266346541
15.319318722212756
15.326263042162736
15.329040769862786
15.331818498028724
15.335985089812311
15.340151682061332
15.359595777360482
15.367928960927657
15.369317824545305
15.385984191680109
15.390150782997807
15.40265055788268
15.409594877366999
15.42070578816788
15.423483515867247
15.424872379485805
15.435983290287822
15.438761017987417
15.440149881605066
15.449871928324228
15.451260791940967
15.465149429978737
15.473482612614134
15.474871476231328
15.487371249717626
15.498482159589457
15.502648750906246
15.505426478141544
15.515148523928474
15.526259433333053
15.53042602465166
15.537370342738996
15.547092388525925
15.551258979377053
15.556814433847194
15.563758751934984
15.570703069555293
15.583202842112314
15.591536023351182
15.606813522675111
15.61792443068407
15.62347988468764
15.63320192954393
15.65542374509414
15.673478969791631
15.681812150098722
15.698478511178564
15.69986737432987
15.701256237947291
15.719311461248708
15.724866914786162
15.726255778403356
15.742922138087579
15.745699864856306
15.754033044232528
15.76097736092288
15.76375508722549
15.774865993370895
15.784588036364767
15.794310078892522
15.804032121419823
15.826253932312738
15.82903165861535
15.835975974374378
15.845698016436017
15.848475742740902
15.85264233172984
15.854031194881827
15.863753236943921
15.865142100095454
15.877641867529519
15.890141635429472
15.898474813408484
15.89986367655979
15.915141169832168
15.916530032983701
15.917918895670027
15.958195921946754
15.965140236774005
15.969306825298645
15.970695687984971
15.987362043010307
15.988750905696634
15.991528631535402
15.992917494686935
16.001250671734624
16.026250202877236
16.031805654087293
16.035972242145363
16.044305419192824
16.04708314456593
16.05402745846095
16.055416321148186
16.056805183833603
16.077638125055273
16.080415850427016
16.087360163858193
16.08874902654361
16.101248790718273
16.104026516090926
16.105415378776343
16.110970829521648
16.113748554892936
16.11930400517167
16.12208173054387
16.131803768880218
16.14430353258922
16.17624737157439
16.190135997038396
16.19708030953734
16.201246896663406
16.212357796754077
16.219302109253476
16.227635283973086
16.24707935785318
16.248468220072937
16.25541253210713
16.258190257012302
16.262356844140868
16.265134569046495
16.284578641994358
16.285967504215023
16.2887452286559
16.290134091341997
16.29152295356198
16.295689540223066
16.299856127350267
16.301244989570932
16.30541157669677
16.316522474926387
16.32763337315555
16.32902223537576
16.33735540869793
16.33874427091814
16.345688582019875
16.349855168681643
16.351244030901853
16.35818834200427
16.36235492866399
16.36791037754665
16.37346582596274
16.37763241262337
16.38318786150512
16.39013217214142
16.39568762055751
16.397076482778175
16.401243068972462
16.404020793414475
16.413742828026216
16.416520552465954
16.430409172807686
16.440131207418744
16.44152006963941
16.444297793614624
16.463741861905874
16.465130723660423
16.470686171611305
16.483185929731007
16.488741377216684
16.495685687386413
16.49846341089642
16.504018858846393
16.505407720600488
16.510963168551825
16.52207406352045
16.526240649251577
16.52762951100567
16.52901837276022
16.53596268246565
16.537351544219746
16.54707357696907
16.54985130094383
16.55540674796339
16.573461951705667
16.577628536969314
16.581795122234325
16.584572845743423
16.60123918679983
16.604016910309838
16.60540577206484
16.61235008083895
16.615127804347594
16.62068325090104
16.624849836164685
16.641516176290224
16.656793654660305
16.676237716898868
16.691515194338308
16.694292917381972
16.69707064042541
16.698459502181322
16.712348117399415
16.71651470219831
16.720681286530635
16.723459009574526
16.72762559437342
16.73040331695165
16.741514209126763
16.75123623908121
16.765124853369798
16.774846883324244
16.78456891327869
16.785957774568033
16.791513220189017
16.802624110967827
16.804012972257624
16.813735001746636
16.820679308191302
16.83317905979311
16.84012336623755
16.85262311784072
16.856789701706475
16.883178064802905
16.888733509492795
16.895677815006366
16.89845553758505
16.912344149078763
16.91512187119133
16.91651073248022
16.9359547877325
16.938732509846886
16.947065676649345
16.94984339876146
16.96512087014662
16.969287453083325
16.99845353410001
17.00123125574646
17.008175560794825
17.009564421618506
17.010953282442188
17.01234214373062
17.01373100455362
17.016508726200755
17.017897587024436
17.01928644831378
17.027619613720162
17.037341639949318
17.056785691942878
17.067896578530053
17.07622974347032
17.084562908411044
17.088729490880723
17.102618098649373
17.10539581983039
17.106784680654073
17.13178417361314
17.149839362453804
17.151228223277485
17.152617084101166
17.154005944459186
17.16095024764445
17.17900543602036
17.18733859956319
17.19567176310693
17.20817150772382
17.22206011316348
17.223448973986706
17.227615555525517
17.23455985778037
17.235948718137706
17.247059601930232
17.280392252379897
17.287336554633384
17.291503135707444
17.302614018568647
17.32761350454348
17.33455780586496
17.344279827903847
17.34705754862057
17.35816843055045
17.35955729090847
17.36233501115794
17.363723871515504
17.37066817237337
17.373445893088046
17.380390193945914
17.383167914194928
17.384556774553403
17.385945634912332
17.390112215052795
17.394278795661194
17.402611956875717
17.404000816768075
17.405389677126095
17.409556257267923
17.410945117625488
17.42205599862382
17.43316687962397
17.437333459765796
17.438722319657245
17.440111180015265
17.441500039907623
17.453999780333106
17.462332940616307
17.46511066086805
17.469277241008513
17.483165840861147
17.484554700753506
17.485943560644955
17.487332421002975
17.494276720463404
17.499832160497135
17.502609880280943
17.509554180207033
17.515109619776013
17.516498479667916
17.517887339559366
17.53316479837258
17.534553658264713
17.537331378049203
17.538720237941106
17.547053397293666
17.55121997696915
17.55677541607224
17.559553135856277
17.563719715533352
17.569275154635534
17.57066401452721
17.573441733846266
17.59427463083057
17.619274106093144
17.630384983832755
17.631773843260362
17.63316270315272
17.635940422469957
17.641495861107614
17.645662439851776
17.663717615190308
17.670661913252843
17.6734396325719
17.680383930635344
17.69149480697706
17.69288366640376
17.695661385722815
17.706772262064987
17.708161121490775
17.71093884080983
17.715105419089014
17.722049716687707
17.73454945199046
17.738716030269188
17.74288260901494
17.753993484426246
17.755382343852034
17.75816006270452
17.76232664098461
17.769270938115824
17.77065979754252
17.777604094208982
17.781770672489074
17.790103828581323
17.79982584410118
17.80677014076673
17.809547859620125
17.815103296860343
17.828991889725785
17.84704705994227
17.856769074529893
17.859546792916717
17.874824244279353
17.91510115926303
17.916490018223612
17.927600890841404
17.928989750267647
17.937322904497705
17.940100622419322
17.941489481380813
17.944267199768092
17.949822635610417
17.951211495038024
17.95398921295873
17.960933507762093
17.966488944071443
17.96787780303157
17.969266661991696
17.978988674716902
17.98454411056082
17.9859329695214
17.987321828481527
17.98871068744188
17.99148840536509
17.997043841207415
18.001210417624634
18.006765853467186
18.009543571387894
18.012321288844305
18.016487865726504
18.01926558364721
18.020654442609157
18.030376454403267
18.045653901574042
18.047042760535078
18.055375913368607
18.07759765394576
18.081764230363206
18.090097382729255
18.09148624122463
18.099819393591815
18.101208252553533
18.10954140445483
18.112319121911924
18.115096839366743
18.12620770872536
18.140096295072453
18.145651729518704
18.15259602292599
18.16370689135192
18.172040042788012
18.173428901284296
18.184539769709772
18.185928628204692
18.187317486699158
18.188706345194532
18.195650638135703
18.198428355126453
18.201206072115383
18.202594930610758
18.212316940077017
18.215094657067766
18.22620552456192
18.22759438305684
18.234538675067142
18.245649542562887
18.255371551562575
18.259538126580992
18.26787127662101
18.281759860174134
18.294259585234613
18.297037301758337
18.29842615978714
18.30120387631223
18.306759309826703
18.319259033954495
18.32342560897405
18.324814467004217
18.326203325033475
18.32759218352794
18.334536474606466
18.338703049159903
18.340091907655278
18.34425848220917
18.362313638453543
18.378979936203905
18.38314651029259
18.39703509151923
18.39981280757729
18.4123125303081
18.420645678485016
18.43314540074857
18.438700832867198
18.44147854892526
18.442867406954974
18.44564512254874
18.466477992057662
18.470644566146802
18.47203342417606
18.474811139768917
18.47619999779954
18.483144287480172
18.48592200307303
18.487310861102742
18.490088576695598
18.49147743472531
18.498421723941192
18.50119944000062
18.50397715559302
18.513699160401757
18.517865734025236
18.53036545442683
18.537309743176138
18.541476316800527
18.54564288995607
18.560920325486677
18.573420044957857
18.5775866181134
18.581753191271673
18.584530906398413
18.58869747955532
18.590086337119374
18.592864052712684
18.59564176784079
18.613696917100697
18.615085775129955
18.628974351232955
18.652584929818204
18.653973787381346
18.660918074733672
18.662306932297724
18.663695789861777
18.66925122011662
18.672028934778155
18.67897322259705
18.681750937259494
18.691472939739924
18.702583799318745
18.713694658897566
18.72480551801118
18.731749804898072
18.733138662461442
18.74008294888381
18.741471806447407
18.745638378673448
18.753971522658503
18.77480438192424
18.77758209658623
18.79285952652708
18.794248383625472
18.79702609828837
18.80119267004693
18.803970384243712
18.812303527764016
18.813692384861497
18.81924781372072
18.82202552791614
18.82341438501362
18.831747528068263
18.841469528221296
18.848413813710977
18.872024384379074
18.88174638406599
18.89702381121333
18.90535695333665
18.910912381262733
18.924800951313046
18.928967522141193
18.93868952043158
18.941467234627453
18.945633805456055
18.956744660378263
18.9581335174762
18.96230008784005
18.969244372398407
18.972022086128618
18.991466081776252
19.00118807960098
19.00257693623371
19.02202093095002
19.0275763579466
19.031742928308176
19.034520641573636
19.04563149556452
19.04979806546271
19.05257577872635
19.053964635358625
19.055353492456106
19.056742349089745
19.070630915413858
19.074797485311137
19.085908338370245
19.087297195002975
19.091463764901164
19.09979690423006
19.110907756823508
19.124796322216298
19.130351748280646
19.131740604913375
19.13451831817747
19.141462600408886
19.14701802647278
19.148406883105054
19.15674002196829
19.158128878134903
19.178961724827786
19.18173943762713
19.188683719391975
19.199794570588892
19.205349996188033
19.21646084691929
19.220627415884337
19.22340512821802
19.227571697184885
19.228960553351044
19.231738266149932
19.23868254744957
19.242849116415528
19.24562682874921
19.249793397716076
19.2609042475151
19.26229310414692
19.266459672648125
19.272015097315034
19.27479280964826
19.278959378614672
19.283125947114968
19.287292515615263
19.28868137178324
19.297014508782468
19.298403364949536
19.309514213817693
19.316458494651442
19.32340277502044
19.3247916311866
19.328958199686895
19.333124767721984
19.352568752660773
19.358124176394995
19.3692350247984
19.37479044853444
19.37617930470151
19.38867900833884
19.397012143942902
19.401178711977536
19.416456126553385
19.437288964863455
19.442844388132926
19.448399811404215
19.465066081213536
19.467843792615895
19.469232648317302
19.476176927287725
19.48034349485806
19.48451006196001
19.49145434046659
19.49839861897135
19.501176330374165
19.524786877292627
19.55256398991787
19.55673055655552
19.560897123193172
19.566452545532684
19.569230256468927
19.57478567880753
19.58172995638097
19.584507667783782
19.585896523019528
19.58867423395577
19.591451945358585
19.6053405000398
19.60811821097832
19.60950706667927
19.61645134378705
19.617840199488455
19.63867303081406
19.64422845222134
19.647006163158494
19.64839501839333
19.651172729330483
19.65256158456532
19.663672427381243
19.66506128308174
19.672005559724766
19.68311640207412
19.684505257308956
19.694227244423473
19.698393810129346
19.699782665829844
19.702560376300653
19.70394923153708
19.706726942007663
19.710893507714445
19.715060073419863
19.717837783891355
19.7192266391271
19.72061549436239
19.73589290148675
19.742837177664114
19.749781453375363
19.76644771526935
19.767836570039435
19.784502831467762
19.79561367195356
19.803946802435348
19.81644649769214
19.817835352461316
19.819224207696607
19.82061306246578
19.82477962770804
19.826168482477442
19.83033504771811
19.833112757723484
19.847001307284472
19.848390162053875
19.852556726827515
19.855334436834255
19.860889856378435
19.8817226797878
19.888666954103428
19.905333212271216
19.915055195659534
19.916444050429618
19.919221759969787
19.921999469509046
19.92755488858802
19.931721452897364
19.938665726745512
19.953943128748506
19.959498547361818
19.960887402130993
19.97199823982328
19.976164803668325
19.977553658437955
19.984497931820897
19.98588678612532
19.988664495665034
20.00255304149914
20.005330751038855
20.01088616918696
20.013663878261468
20.01644158733461
20.0233858602528
20.024774715021977
20.026163569325945
20.028941278400453
20.041440969466294
20.045607532844315
20.055329514369987
20.0567183686735
20.05810722297747
20.059496077746644
20.06921805880802
20.071995767882072
20.073384622186495
20.083106603245596
20.08449545755093
20.091439729535523
20.098384001522845
20.101161710596898
20.106717127813226
20.10810598211765
20.109494836887734
20.116439108407576
20.121994525623904
20.13032765191474
20.137271923435037
20.14977161170782
20.156715883226752
20.158104737531175
20.16227129997833
20.165049008586948
20.167826717194203
20.16921557149817
20.170604425336933
20.17754869685723
20.18032640499996
20.181715259304838
20.18310411360926
20.188659530359928
20.19143723850175
20.198381509557294
20.199770363395146
20.201159217699114
20.2039369258423
20.21088119689648
20.217825467486364
20.219214321325126
20.22338088377137
20.240047133092958
20.24282484123478
20.248380257055487
20.25671338148186
20.26226879776823
20.266435359747902
20.267824213586664
20.273379629406918
20.277546191387955
20.28865702349185
20.290045877330158
20.292823585009046
20.29699014698872
20.312267540142784
20.328933786670405
20.330322640974146
20.33171149481268
20.338655764006035
20.359488571117254
20.360877424955106
20.362266278793413
20.36643284030879
20.374765962874108
20.376154816712187
20.37754367055004
20.381710231601573
20.388654500327448
20.391432208004062
20.396987622892766
20.399765330103037
20.42059813535252
20.421986989190373
20.430320110824596
20.435875525713072
20.45254176898061
20.477541132950137
20.478929986323237
20.490040814702752
20.494207375286805
20.496985082031642
20.503929349361897
20.51365132390265
20.52337329797774
20.53031756484188
20.53726183217168
20.541428392290072
20.54976151252731
20.55670577939054
20.573372019398903
20.57614972567808
20.59281596522078
20.59420481859388
20.59559367196698
20.60253793836455
20.612259911042656
20.615037617323196
20.626148442908743
20.633092708840195
20.641425828146566
20.658092065826168
20.66086977164082
20.684480274321686
20.685869127228216
20.68725798060086
20.69420224560281
20.699757657696864
20.706701923164474
20.712257334791502
20.72197930607308
20.730312423516807
20.745589805960208
20.746978658867647
20.751145217589055
20.752534070495585
20.755311776310464
20.76086718793931
20.77058915828934
20.773366864103536
20.784477686894206
20.801143920382856
20.802532773290295
20.805310478639512
20.808088184453027
20.815032448522743
20.821976712127253
20.844198355847766
20.856698029683685
20.86225344038121
20.866419998171295
20.871975408867456
20.881697377355522
20.8830862297973
20.891419345377017
20.924751806766153
20.92614065920725
20.927529511648117
20.931696069440022
20.942806888971063
20.95669541385155
20.96086197117529
20.9914167234906
20.99558328081548
21.008082951857887
21.01086065627578
21.01224950871665
21.03030458859257
21.03585999742745
21.041415406262786
21.060859337648253
21.062248189623915
21.063637042065693
21.065025894042265
21.066414746484043
21.07058130287578
21.084469824496864
21.08585867647207
21.08724752891385
21.095580641700508
21.115024570759033
21.116413422734695
21.124746535055237
21.127524239472677
21.130301943424
21.140023907720206
21.141412759695868
21.142801611671075
21.15530127945385
21.158078983406085
21.159467835382202
21.166412095259602
21.187244874432054
21.199744541282598
21.203911096745287
21.210855356157936
21.213633059644053
21.224743874519845
21.22891042998117
21.23446583695295
21.23863239241473
21.248354354849198
21.252520910310523
21.263631724254537
21.269187130759747
21.276131389708098
21.277520241217644
21.283075647724672
21.29557531271348
21.298353016199144
21.30807497770138
21.315019235717045
21.3164080872275
21.32890775175065
21.345573970338137
21.348351673357683
21.36085133694951
21.369184446010422
21.370573297520423
21.373351000539742
21.387239514711382
21.390017217731383
21.39279492075184
21.412238840031023
21.42196079967107
21.434460461865456
21.440015866974363
21.444182421038477
21.45807093381245
21.460848636366336
21.463626338921586
21.47473714867374
21.47612600018374
21.485847958426803
21.498347619224205
21.50112532177809
21.50251417282334
21.509458428510698
21.523346939887233
21.535846599753768
21.545568557530714
21.555290514842
21.556679365885884
21.571956726910003
21.57334557795548
21.574734429000273
21.588622938978006
21.592789491646272
21.59556719373495
21.61362225545099
21.615011106495785
21.61639995753967
21.62056651020748
21.63445501879005
21.635843869368273
21.640010422036084
21.645565825283484
21.646954676328278
21.662232035022953
21.665009736646425
21.666398587225558
21.667787438269443
21.68306479649891
21.69000905032499
21.702508706466233
21.70945295982483
21.710841810403963
21.746951926849306
21.749729628008026
21.762229283217494
21.763618133795717
21.769173535645223
21.77334008738262
21.78445089154775
21.78583974166031
21.78722859223899
21.790006293397255
21.79556169524585
21.79833939593891
21.801117097095812
21.81639445206565
21.817783302178213
21.82194985345086
21.84139375875884
21.846949160143595
21.856671112332833
21.87194846590546
21.88167041762881
21.88444811832096
21.894170070044765
21.895558920157782
21.89833662038336
21.916391673252292
21.933057875075065
21.9358355753011
21.93722442541457
21.941390975754985
21.942779825868
21.944168675980563
21.945557526093125
21.94972407643445
21.95250177666003
21.956668326998624
21.9663902773259
21.97194567731276
21.973334527426687
21.977501077765055
21.987223027625987
21.995556127839336
21.996944977953717
22.01083347722124
22.015000027095084
22.021944276730437
22.027499676716616
22.03444392588517
22.03861047575947
22.044165875280214
22.05249897409658
22.053887824209824
22.056665523970878
22.059443223266044
22.064998622786334
22.070554021843236
22.071942871955798
22.08305367006733
22.09971986723349
22.119163762764856
22.127496861115105
22.128885710762916
22.133052259705437
22.13721880864705
22.1524961543048
22.163606951018664
22.16499580066693
22.167773499961186
22.17194004843759
22.17610659691536
22.17888429621007
22.183050844686477
22.184439694333605
22.19138394164065
22.19693933976464
22.199717038593917
22.202494737889538
22.203883587071687
22.205272436718587
22.21082783437714
22.214994382854
22.219160931330407
22.223327479341606
22.233049425476565
22.251104467635287
22.276103755236818
22.301103041906572
22.341379668645004
22.34693506490703
22.351101612452112
22.358045857896286
22.35943470707798
22.367767801237278
22.371934348783498
22.377489744577815
22.378878593759964
22.38304514084075
22.38860053710232
22.392767084181514
22.40387787624013
22.4135998186498
22.420544063628313
22.43304370393571
22.434432552652197
22.437210250549924
22.442765645880627
22.446932192494387
22.45248758829075
22.45387643700724
22.458042983621
22.46220953023476
22.47332032042914
22.481653413192817
22.48720880852261
22.49415305210414
22.501097296150874
22.505263842299428
22.514985783313023
22.517763480744634
22.521930026892733
22.52331887514356
22.53581851312265
22.539985059272567
22.546929302387298
22.548318151103103
22.55526239421897
22.556651242469115
22.56359548558521
22.57470627391649
22.58026166831587
22.587205910965622
22.58859475921645
22.592761304897977
22.602483244515497
22.606649789731364
22.61081633541471
22.614982880631942
22.65664833233768
22.660814877555367
22.67053681577363
22.671925664024002
22.68025875352714
22.683036450028794
22.68720299524648
22.689980691747678
22.698313781251272
22.703869173786188
22.709424566788584
22.716368808041352
22.72470189707883
22.7399792264373
22.74553461897358
22.75109001150986
22.753867707545623
22.75942310008122
22.76358964436804
22.777478124544814
22.77886697279473
22.78303351661407
22.78720006090134
22.788588908685597
22.79275545297105
22.796921996792207
22.802477388862826
22.80664393268171
22.814977020322658
22.819143564142905
22.821921259713235
22.826087803533483
22.835809738958687
22.8427539783479
22.86219784780178
22.866364391622028
22.867753239406284
22.878864021684876
22.88580826014413
22.898307889742682
22.902474433095904
22.90941867155516
22.913585214444538
22.914974062228794
22.91775175779776
22.92052945290243
22.92191830068805
22.926084843576064
22.94691755802114
22.949695253124446
22.95802833843618
22.97191681395725
22.973305661741506
22.977472204165224
22.98580528901175
22.98719413679646
22.989971831434104
23.00247145870435
23.003860306022943
23.006638001126248
23.00941569576662
23.01358223818852
23.01913762793083
23.023304169889343
23.024693017208847
23.026081864993102
23.03024840694934
23.035803796227356
23.046914575246774
23.053858811841565
23.059414201119353
23.080246909975358
23.091357688063
23.092746534915932
23.110801548669315
23.117745784332783
23.133023102515835
23.13441194983534
23.1413561850336
23.142745032353105
23.15802234960438
23.16496658480355
23.166355432123055
23.171910820003177
23.177466207882844
23.189965830494884
23.196910065229076
23.201076606255356
23.20524314681461
23.206631993668452
23.219131615815968
23.22329815637727
23.228853543790592
23.2469085524217
23.25663047992998
23.25940817363744
23.267741253826443
23.29274049486139
23.294129341249572
23.29829588134544
23.299684728198372
23.306628961068327
23.312184347552375
23.313573194405308
23.31773973403415
23.327461660147037
23.345516665516243
23.348294358758267
23.35523859116256
23.36773820958524
23.37051590236024
23.383015520317258
23.38718205948112
23.39968167743791
23.40940360168611
23.414958987238606
23.42329206509976
23.4385693744357
23.44273591313231
23.44968014460619
23.455235529226684
23.458013222001682
23.467735145319693
23.47745706863816
23.481623606870016
23.484401299179353
23.48717899149051
23.489956683800756
23.491345530188028
23.495512068420567
23.503845144885418
23.505233991273144
23.509400529504546
23.53439975796755
23.54134398804399
23.549677064042044
23.56078783141993
23.56495436918658
23.605230899533808
23.61356397413465
23.624674740581213
23.62884127741654
23.63023012333997
23.645507426154836
23.65106280891132
23.653840500291608
23.656618191670077
23.66217357442747
23.664951265805485
23.667728956718292
23.68161741314725
23.689950486351336
23.702450096392113
23.710783169597107
23.727449315540525
23.731615851909737
23.741337769640722
23.74272661509667
23.744115460553076
23.771892367822147
23.773281213279006
23.774670058734955
23.784391975998915
23.78716966644606
23.79272504734081
23.801058119149047
23.812168880938998
23.813557725929968
23.81633541637666
23.817724261833064
23.82744617816661
23.83439040405119
23.8385569394909
23.839945784481642
23.849667700349073
23.86077846074113
23.876055756572896
23.877444601563866
23.881611136535412
23.8829999815257
23.895499586444203
23.90244381139928
23.90522150138031
23.90799919089659
23.91772110536749
23.92049879534852
23.923276485330007
23.932998399335702
23.93716493384136
23.957997605911714
23.96633067445964
23.978830277514135
23.985774501071546
23.999662947720935
24.006607170813368
24.01494023889518
24.017717927944886
24.02188446152195
24.023273306512237
24.032995218188717
24.041328285804866
24.051050197482255
24.052439042007563
24.05938326416799
24.063549797743235
24.067716330852818
24.0802159311138
24.08160477517322
24.08577130875028
24.08854899733433
24.092715530444366
24.095493219494074
24.09688206355304
24.11077050694348
24.120492417222522
24.12743663845231
24.128825482976936
24.13021432703681
24.135769704205813
24.148269302139397
24.1510469907239
24.173268497073423
24.17882387377813
24.18299040595616
24.18576809407432
24.18854578265973
24.192712314838673
24.196878847017615
24.20243422325484
24.213544975265904
24.21632266338429
24.234377634762495
24.237155322881563
24.246877229901656
24.2552102933264
24.257987980981397
24.264932200346266
24.269098732059547
24.270487575653533
24.27882063861398
24.280209482207283
24.282987169861826
24.296875607662514
24.305208670156844
24.312152888592664
24.31493057578109
24.316319419374395
24.330207856244215
24.33715207421301
24.345485135776926
24.348262822964443
24.349651666558202
24.355207040935056
24.359373571715423
24.36770663281345
24.385761598136924
24.387150441265476
24.39270581517485
24.396872345491374
24.39826118908468
24.39965003221255
24.420482682862257
24.4246492127113
24.426038056305515
24.43159342928493
24.453814921663934
24.455203765257465
24.45798145151457
24.476036413113206
24.48714715813867
24.489924844394864
24.491313687523416
24.510757490385913
24.512146333514465
24.52464592073784
24.52881244965738
24.535756664365636
24.53992319328654
24.541312036414183
24.542700879076165
24.548256251123348
24.556589308496314
24.569088894321794
24.570477736984685
24.58436616500694
24.60242112101696
24.605198806341377
24.60658764900427
24.616309548107893
24.620476076096566
24.621864918758547
24.624642604083874
24.64408640089323
24.645475243555666
24.651030613741113
24.66214135411019
24.66353019677217
24.670474409153258
24.67186325181592
24.67325209401315
24.684362833916566
24.70241778527088
24.707973154989304
24.7107508393824
24.71491736643975
24.72463926274895
24.728805789805392
24.73713884345284
24.739916527845708
24.744083054437397
24.746860739297063
24.760749161265267
24.76491568738993
24.766304529586705
24.776026424965494
24.781581793286477
24.784359477216185
24.787137161609735
24.79408137212795
24.80935863443119
24.81908052794688
24.821858211874314
24.8343577893188
24.83574663151512
24.838524314977803
24.84963505022506
24.856579259347654
24.860745785005747
24.86352346846843
24.864912310200452
24.86630115193202
24.871856519321682
24.87324536105325
24.881578411441296
24.90102219521168
24.909355245134066
24.912132928131086
24.91491061159286
24.916299453323973
24.923243661049582
24.934354393501508
24.93574323523353
24.94407628422391
24.951020491483177
24.955187016210857
24.960742381738783
24.96213122347035
24.96768658899782
24.96907543026373
24.970464271994842
24.995463416172242
24.999629939968145
25.00518530503132
25.01212951135858
25.019073717687206
25.02462908228381
25.04268401733816
25.062127792728916
25.087126930386148
25.096848816916918
25.101015339781952
25.11073722584706
25.120459111447417
25.123236793046544
25.1315698378462
25.139902882179285
25.144069404580478
25.148235926513735
25.14962476731307
25.1524024484479
25.162124333116026
25.166290855049738
25.17184621731849
25.18990114492317
25.191289985257754
25.192678826057318
25.198234187859725
25.19962302819522
25.209344911464996
25.214900273268768
25.21628911360267
25.22323331573898
25.224622156072883
25.23434403887859
25.238510559880524
25.242677080418616
25.24545476108733
25.24823244175559
25.264898524834734
25.269065045371462
25.27462040624323
25.2760092461117
25.28017576664888
25.284342287186064
25.29267532779386
25.29684184786629
25.316285608354065
25.31906328809191
25.32045212842604
25.323229808162296
25.335729367445765
25.34406240665794
25.357950805343535
25.3676726834924
25.374616882369992
25.38711643978945
25.394060637735038
25.3982271568766
25.40794903409278
25.41350439217058
25.414893232039503
25.41905975024747
25.423226268922008
25.428781626999807
25.43017046640307
25.437114663882312
25.44267002149445
25.455169576121534
25.457947254461033
25.49544591461472
25.496834754017982
25.512111984190597
25.514889662530095
25.519056179341987
25.52877805283424
25.535722247985632
25.557943670517034
25.562110187327562
25.569054381083788
25.575998575303856
25.577387414240548
25.59683115610369
25.600997671983805
25.603775349392436
25.60933070374449
25.61210838115403
25.61488605856266
25.617663735505175
25.63849631351104
25.642662828459834
25.644051666931773
25.66488424307363
25.671828434501094
25.685716816889
25.687105655360483
25.69821636080451
25.699605198810787
25.702382875288322
25.703771713293918
25.705160551299286
25.717660094284838
25.72043777029603
25.723215446307222
25.730159636337703
25.73154847434398
25.73293731235026
25.73571498836145
25.739881502380285
25.741270339920902
25.748214529483448
25.763491746151885
25.78293547450994
25.788490825137387
25.79404617576256
25.795435013768838
25.796823851310364
25.80515687655179
25.807934552097322
25.810712227177646
25.813489902259334
25.814878739799497
25.817656414879366
25.82598943965513
25.827378277196203
25.831544789351028
25.839877813661133
25.842655488741684
25.850988512586355
25.87459874611477
25.88154293195248
25.882931769027437
25.887098280252076
25.892653628550306
25.900986650998675
25.906541998830562
25.907930835905518
25.909319672979564
25.920430368645157
25.925985716012292
25.932929900454837
25.941262921504403
25.942651758113698
25.969039655545657
25.97598383859122
25.97737267520006
25.980150348418647
25.982928021635644
25.984316857778595
25.98570569438789
25.988483367606932
25.98987220421577
25.996816386328646
26.007927077802833
26.01209358669894
26.01626009605957
26.024593113850642
26.02737078613768
26.028759622746293
26.037092640072387
26.039870312357834
26.04542565693191
26.048203329218268
26.062091690185753
26.06764703429326
26.081535393862623
26.08292423000603
26.08709073750424
26.09264608114745
26.107923274998484
26.109312110675546
26.112089782030125
26.113478617707415
26.121811631774563
26.123200467452534
